4 0.6658653846153846 0.12259615384615384 0.30288461538461536 0.14182692307692307
0 0.6454326923076923 0.4699519230769231 0.28125 0.1658653846153846
1 0.6021634615384616 0.6802884615384616 0.28125 0.1346153846153846
3 0.5504807692307693 0.9110576923076923 0.27403846153846156 0.1346153846153846
2 0.39903846153846156 0.2403846153846154 0.23557692307692307 0.1466346153846154
5 0.30649038461538464 0.6081730769230769 0.25721153846153844 0.14903846153846154
2 0.3798076923076923 0.33413461538461536 0.2403846153846154 0.13942307692307693
5 0.28725961538461536 0.5048076923076923 0.25721153846153844 0.19230769230769232
4 0.6646634615384616 0.23557692307692307 0.28846153846153844 0.14903846153846154
0 0.6610576923076923 0.37740384615384615 0.25721153846153844 0.14423076923076922
1 0.5889423076923077 0.5805288461538461 0.2860576923076923 0.14903846153846154
3 0.5612980769230769 0.8100961538461539 0.2548076923076923 0.13942307692307693