5 0.5757211538461539 0.8798076923076923 0.36538461538461536 0.16826923076923078
0 0.6117788461538461 0.5252403846153846 0.2932692307692308 0.16346153846153846
1 0.5829326923076923 0.4014423076923077 0.3173076923076923 0.1466346153846154
4 0.5925480769230769 0.07451923076923077 0.30528846153846156 0.125
2 0.30288461538461536 0.6189903846153846 0.2668269230769231 0.13942307692307693
3 0.27884615384615385 0.4254807692307692 0.30528846153846156 0.13221153846153846
4 0.5745192307692307 0.18509615384615385 0.2764423076923077 0.13942307692307693
1 0.5985576923076923 0.28966346153846156 0.2860576923076923 0.12740384615384615
3 0.27163461538461536 0.328125 0.2620192307692308 0.11778846153846154
0 0.6057692307692307 0.6213942307692307 0.2860576923076923 0.14903846153846154
5 0.6057692307692307 0.7475961538461539 0.3269230769230769 0.17067307692307693
2 0.30288461538461536 0.7247596153846154 0.2644230769230769 0.15384615384615385