4 0.10697115384615384 0.375 0.11177884615384616 0.2920673076923077
0 0.4543269230769231 0.3581730769230769 0.13942307692307693 0.2704326923076923
1 0.6682692307692307 0.3798076923076923 0.10697115384615384 0.27163461538461536
3 0.9038461538461539 0.40625 0.10817307692307693 0.26322115384615385
2 0.25240384615384615 0.6274038461538461 0.12379807692307693 0.22355769230769232
5 0.6274038461538461 0.6814903846153846 0.125 0.24639423076923078
2 0.3473557692307692 0.6370192307692307 0.11538461538461539 0.23076923076923078
5 0.5276442307692307 0.7115384615384616 0.16706730769230768 0.23918269230769232
4 0.21995192307692307 0.3641826923076923 0.12139423076923077 0.2764423076923077
0 0.36177884615384615 0.35216346153846156 0.12139423076923077 0.24639423076923078
1 0.5709134615384616 0.4026442307692308 0.11899038461538461 0.27524038461538464
3 0.8016826923076923 0.40625 0.11658653846153846 0.24639423076923078