4 0.09134615384615384 0.359375 0.11057692307692307 0.3004807692307692
2 0.453125 0.3870192307692308 0.11177884615384616 0.2644230769230769
5 0.5949519230769231 0.3605769230769231 0.12379807692307693 0.30288461538461536
3 0.9447115384615384 0.3894230769230769 0.11057692307692307 0.28846153846153844
0 0.4735576923076923 0.6430288461538461 0.11177884615384616 0.2608173076923077
1 0.8713942307692307 0.6658653846153846 0.11057692307692307 0.28125
1 0.7596153846153846 0.6754807692307693 0.13341346153846154 0.25961538461538464
2 0.35216346153846156 0.37740384615384615 0.11057692307692307 0.25600961538461536
0 0.36899038461538464 0.6514423076923077 0.10697115384615384 0.25721153846153844
4 0.2127403846153846 0.34975961538461536 0.13221153846153846 0.2848557692307692
3 0.8389423076923077 0.3918269230769231 0.11658653846153846 0.27884615384615385
5 0.7235576923076923 0.36538461538461536 0.11899038461538461 0.2932692307692308