4 0.5625 0.9074519230769231 0.3076923076923077 0.15865384615384615
0 0.6334134615384616 0.5673076923076923 0.28846153846153844 0.18028846153846154
1 0.6454326923076923 0.35216346153846156 0.28365384615384615 0.1466346153846154
3 0.65625 0.11538461538461539 0.27884615384615385 0.14903846153846154
2 0.33533653846153844 0.7247596153846154 0.2403846153846154 0.15865384615384615
5 0.3401442307692308 0.34615384615384615 0.2620192307692308 0.16105769230769232
2 0.34134615384615385 0.6298076923076923 0.24519230769230768 0.14903846153846154
5 0.2956730769230769 0.43990384615384615 0.2644230769230769 0.20432692307692307
4 0.5901442307692307 0.7980769230769231 0.29086538461538464 0.16105769230769232
0 0.6237980769230769 0.6598557692307693 0.2620192307692308 0.15625
1 0.6069711538461539 0.44471153846153844 0.28846153846153844 0.16105769230769232
3 0.6394230769230769 0.21634615384615385 0.25961538461538464 0.15144230769230768