4 0.30408653846153844 0.8846153846153846 0.3125 0.15144230769230768
2 0.38100961538461536 0.53125 0.2764423076923077 0.1466346153846154
5 0.375 0.3870192307692308 0.3173076923076923 0.1658653846153846
3 0.45072115384615385 0.05889423076923077 0.3004807692307692 0.11778846153846154
0 0.6382211538461539 0.5456730769230769 0.27163461538461536 0.1466346153846154
1 0.7163461538461539 0.15504807692307693 0.2932692307692308 0.14903846153846154
1 0.7103365384615384 0.2668269230769231 0.2764423076923077 0.16826923076923078
2 0.3581730769230769 0.6298076923076923 0.2668269230769231 0.14423076923076922
0 0.6322115384615384 0.6502403846153846 0.2692307692307692 0.13942307692307693
4 0.3112980769230769 0.7632211538461539 0.3004807692307692 0.17067307692307693
3 0.43990384615384615 0.14903846153846154 0.2932692307692308 0.15384615384615385
5 0.39783653846153844 0.25961538461538464 0.3076923076923077 0.15865384615384615