5 0.21033653846153846 0.7584134615384616 0.37740384615384615 0.31490384615384615
0 0.39663461538461536 0.453125 0.3173076923076923 0.2764423076923077
1 0.49399038461538464 0.3713942307692308 0.3293269230769231 0.27403846153846156
4 0.6814903846153846 0.1141826923076923 0.30528846153846156 0.2283653846153846
2 0.5865384615384616 0.7139423076923077 0.28365384615384615 0.24278846153846154
3 0.7211538461538461 0.5733173076923077 0.31009615384615385 0.2548076923076923
4 0.6298076923076923 0.203125 0.29086538461538464 0.24759615384615385
1 0.546875 0.27283653846153844 0.2932692307692308 0.24278846153846154
3 0.7848557692307693 0.5 0.2692307692307692 0.22355769230769232
0 0.3425480769230769 0.5336538461538461 0.30528846153846156 0.25961538461538464
5 0.2668269230769231 0.6334134615384616 0.34615384615384615 0.2980769230769231
2 0.5228365384615384 0.7980769230769231 0.2860576923076923 0.25240384615384615