5 0.12620192307692307 0.39783653846153844 0.14423076923076922 0.3557692307692308
0 0.4831730769230769 0.3870192307692308 0.14543269230769232 0.2848557692307692
1 0.6045673076923077 0.42427884615384615 0.12379807692307693 0.31009615384615385
4 0.9302884615384616 0.4375 0.10336538461538461 0.2980769230769231
2 0.36778846153846156 0.6887019230769231 0.12139423076923077 0.2608173076923077
3 0.5588942307692307 0.7259615384615384 0.11177884615384616 0.296875
4 0.8197115384615384 0.44711538461538464 0.11899038461538461 0.2692307692307692
1 0.7163461538461539 0.41586538461538464 0.10817307692307693 0.2776442307692308
3 0.6550480769230769 0.7391826923076923 0.10216346153846154 0.2548076923076923
0 0.3858173076923077 0.3858173076923077 0.12980769230769232 0.27884615384615385
5 0.2608173076923077 0.37740384615384615 0.14783653846153846 0.3173076923076923
2 0.2620192307692308 0.6814903846153846 0.13581730769230768 0.2536057692307692