4 0.21634615384615385 0.8257211538461539 0.24519230769230768 0.31490384615384615
2 0.515625 0.6213942307692307 0.2283653846153846 0.28365384615384615
5 0.6514423076923077 0.5733173076923077 0.25961538461538464 0.3245192307692308
3 0.9098557692307693 0.3737980769230769 0.18028846153846154 0.30528846153846156
0 0.4050480769230769 0.3894230769230769 0.22596153846153846 0.28125
1 0.7391826923076923 0.17067307692307693 0.23557692307692307 0.2980769230769231
1 0.6370192307692307 0.21875 0.24519230769230768 0.2932692307692308
2 0.4326923076923077 0.6802884615384616 0.22355769230769232 0.2764423076923077
0 0.3112980769230769 0.4338942307692308 0.22115384615384615 0.2764423076923077
4 0.3269230769230769 0.7740384615384616 0.25721153846153844 0.3125
3 0.8473557692307693 0.42427884615384615 0.2403846153846154 0.2980769230769231
5 0.7608173076923077 0.5048076923076923 0.25 0.31490384615384615